id	fc	pval	qval	de
mrg.884	0.00665033682207491	3.52658010420726e-05	0.0527563200546052	-7.23235687348715
mrg.1507	27.833634803658	3.99215437416611e-05	0.0527563200546052	4.79875741788656
mrg.684	0.000267464329640049	0.00567253241980514	0.457233991458283	-11.868365880121
mrg.932	213.046079964521	0.0048639850301393	0.457233991458283	7.73502169603024
mrg.1336	129.2596927773	0.00189735174298589	0.457233991458283	7.01412865752912
mrg.691	0.00881656839446447	0.00566689642413531	0.457233991458283	-6.82556704879275
mrg.1458	104.664083919547	0.00184678300496333	0.457233991458283	6.70962264789243
mrg.1697	82.4403649280433	0.00303401122848546	0.457233991458283	6.3652789859692
mrg.1590	57.5804600186219	0.0031137419639109	0.457233991458283	5.84750740973406
mrg.197	31.00479663559	0.000976076448924612	0.457233991458283	4.95441952158239
mrg.1709	29.7253671632442	0.005821985611417	0.457233991458283	4.89362272491953
mrg.1188	28.3850016638064	0.000941834142151654	0.457233991458283	4.82705692106472
mrg.355	22.7817991904729	0.00217108965422597	0.457233991458283	4.50980978313941
mrg.1187	22.3201265159643	0.00637284886272615	0.457233991458283	4.4802732996278
mrg.1214	15.3902715368017	0.00509725560515517	0.457233991458283	3.94394678083167
mrg.12	14.5674902632191	0.00488587211378488	0.457233991458283	3.86468044128838
mrg.2162	14.1993528739121	0.00536150706999694	0.457233991458283	3.82775327624607
mrg.2361	12.4996954589459	0.00654789132047195	0.457233991458283	3.64382104055707
mrg.175	11.1645486333419	0.00376674265776322	0.457233991458283	3.48085302113935
mrg.1722	10.7082701463549	0.00389346193541529	0.457233991458283	3.42065353549441
mrg.1379	10.366552446004	0.00343825077947679	0.457233991458283	3.37386427871906
mrg.203	7.82253041093075	0.00657392798918455	0.457233991458283	2.96763536210969
mrg.2078	7.81828043720909	0.00255618854224582	0.457233991458283	2.96685133419418
mrg.1845	0.000466179432347986	0.0107003513901616	0.480352895053165	-11.0668270248127
mrg.924	0.00156052903259485	0.0118307702675109	0.480352895053165	-9.32374908678273
mrg.1001	169.179369405351	0.0105719070279572	0.480352895053165	7.40240983937158
mrg.2274	0.0062999931444313	0.0120091239197395	0.480352895053165	-7.31043402597022
mrg.1443	0.00663397997085584	0.00995053688626146	0.480352895053165	-7.23590962827787
mrg.357	0.00706270355072049	0.0090028516716254	0.480352895053165	-7.14556374244042
mrg.236	100.082227454836	0.00832246003478776	0.480352895053165	6.64504199372648
mrg.538	43.6896669162156	0.00893254264427168	0.480352895053165	5.44922020181035
mrg.456	34.6115891073375	0.00755222389451782	0.480352895053165	5.11318327576214
mrg.1075	21.4530977316069	0.0120476379827554	0.480352895053165	4.4231140763816
mrg.2038	20.5892950393557	0.00939871585536833	0.480352895053165	4.36382252900339
mrg.1603	19.0858312415197	0.0102872931210851	0.480352895053165	4.25443011622747
mrg.1323	17.5733881839151	0.00742678752195047	0.480352895053165	4.13532046750186
mrg.402	15.9671637641636	0.0113104280064664	0.480352895053165	3.9970361655095
mrg.902	0.0841310340764787	0.0107847022034323	0.480352895053165	-3.57121811284498
mrg.2407	6.34908663210744	0.0119078848509092	0.480352895053165	2.66654906336412
mrg.565	5.46363452283816	0.0108893356675996	0.480352895053165	2.44986098111631
mrg.2009	4.51798232597486	0.0112523928000718	0.480352895053165	2.17567862702177
mrg.1412	4.32769305353183	0.0115246462005596	0.480352895053165	2.1135981780346
mrg.1807	0.234076140146991	0.0114575595044037	0.480352895053165	-2.09495020975794
mrg.883	0.000698110587471605	0.0147466757032044	0.482328789462205	-10.4842567881582
mrg.2313	115.56852281823	0.0152820968882522	0.482328789462205	6.85260469697434
mrg.2137	69.6739176945679	0.0142063252617497	0.482328789462205	6.12254678175635
mrg.1304	63.8595568259543	0.0132106753719312	0.482328789462205	5.99683063578133
mrg.1828	60.3034339138496	0.0150957704563197	0.482328789462205	5.91416825206125
mrg.1191	57.342663489422	0.0134009846217225	0.482328789462205	5.84153701226206
mrg.2041	28.8737735285076	0.0139124609263759	0.482328789462205	4.85168776134959
mrg.1463	0.035106852155175	0.0152142200026821	0.482328789462205	-4.83210354655273
mrg.1629	26.3501698268801	0.0151651154926166	0.482328789462205	4.7197403549513
mrg.128	22.4929089997614	0.015329405340456	0.482328789462205	4.49139835129579
mrg.1090	19.8864315303889	0.0146628624262857	0.482328789462205	4.31371251357849
mrg.2200	10.992723016199	0.0132759904632295	0.482328789462205	3.45847689658512
mrg.1923	6.42103274403019	0.0140961449192564	0.482328789462205	2.68280535573786
mrg.868	6.98229056799071	0.0157253404611548	0.488965586339202	2.8037003958876
TraesCS2A01G559400	34689.6006725202	0.0180878477962697	0.493955433014531	15.0822156127627
mrg.1946	0.000468742559587337	0.0220425124487109	0.493955433014531	-11.0589165889611
mrg.1154	0.000657228702618278	0.0190472352512423	0.493955433014531	-10.5713168922304
TraesCS7B01G365700	1102.14779105218	0.0184155189219117	0.493955433014531	10.1061019778288
mrg.1054	0.00150017716650642	0.0200442645387739	0.493955433014531	-9.38065139584294
mrg.163	0.00209392030258692	0.0161957250106134	0.493955433014531	-8.89957775225522
mrg.465	412.221517578496	0.0210564448961611	0.493955433014531	8.68727600395213
mrg.1506	380.612717624357	0.0209223950338634	0.493955433014531	8.57217995776359
mrg.825	75.7976561823285	0.0190397617808358	0.493955433014531	6.24408133290891
mrg.1472	69.2621150441275	0.0218462598219769	0.493955433014531	6.11399453840119
mrg.1362	65.5929689389955	0.0169228829130803	0.493955433014531	6.03546927222331
mrg.1591	34.1372762445726	0.0184505355470704	0.493955433014531	5.09327604765227
mrg.683	33.4594002759112	0.0195424395770352	0.493955433014531	5.06433968172439
mrg.1916	24.9415553169426	0.0206576184494138	0.493955433014531	4.64047952709894
mrg.334	0.0423090036467948	0.0165023012172743	0.493955433014531	-4.56289147833604
mrg.710	18.6956101492153	0.0226399555460826	0.493955433014531	4.22462765059176
mrg.906	18.2382923667054	0.0211586478310813	0.493955433014531	4.18889875260196
mrg.1992	0.0621222048746999	0.021692530451306	0.493955433014531	-4.00874715423263
mrg.1568	14.4655511023381	0.0227473818840872	0.493955433014531	3.85454938237643
mrg.1678	13.637818880146	0.0229877102764992	0.493955433014531	3.76954102499641
mrg.2345	12.9392665101104	0.0210194614750341	0.493955433014531	3.6936839322936
mrg.1987	12.5099120854746	0.0196302719381	0.493955433014531	3.64499974575836
mrg.1640	0.0852390045018072	0.0188856739121255	0.493955433014531	-3.55234244565332
mrg.1172	11.6589262259424	0.0222959178981978	0.493955433014531	3.54336301894531
mrg.652	0.0999143285017123	0.0170240461149088	0.493955433014531	-3.32316460308783
mrg.2115	0.122163310897977	0.0179988662108375	0.493955433014531	-3.03311702685932
mrg.1967	6.71443407850376	0.0174430375870902	0.493955433014531	2.74726580820934
mrg.211	6.17919317882479	0.0173274181509392	0.493955433014531	2.62741847681946
mrg.296	4.15758251168693	0.0199501683394514	0.493955433014531	2.05574489562807
mrg.2088	107.82640663658	0.0235145924766088	0.498000900611238	6.75256672647668
mrg.1467	825.894206130065	0.0268323567760002	0.510151058407173	9.68981317957121
mrg.1055	335.511491505171	0.0248194216438493	0.510151058407173	8.39021837036889
mrg.1105	280.824642166664	0.026619344009752	0.510151058407173	8.13352572645639
mrg.860	97.0596489960647	0.0265033071634271	0.510151058407173	6.6007997376749
mrg.677	89.8961724078757	0.027601816629673	0.510151058407173	6.49018778497933
mrg.724	80.4623400523717	0.0267728442460273	0.510151058407173	6.33024179075372
mrg.2346	52.4413671033606	0.0275793500630008	0.510151058407173	5.71263339081183
mrg.1628	0.024724878704487	0.0255859072919815	0.510151058407173	-5.33789274635816
mrg.1160	31.2804306630807	0.0269134022216653	0.510151058407173	4.96718847042309
mrg.2223	13.0429707976111	0.0252389309103291	0.510151058407173	3.70520060455129
mrg.2371	9.11945651176581	0.0272107560648496	0.510151058407173	3.18894784729087
mrg.2020	5.72754839227361	0.0263807768684404	0.510151058407173	2.51791774296657
mrg.2516	0.00181537853296463	0.0282379185791657	0.514709095205068	-9.10551388206574
mrg.1705	27.3836764226178	0.0281655086840125	0.514709095205068	4.77524424493895
mrg.725	0.000560676320044419	0.0286838680561594	0.514714709371761	-10.8005442401463
mrg.933	346.721965142641	0.0292119585341521	0.514714709371761	8.43763542521532
mrg.1696	0.00487236972424258	0.0290074499942345	0.514714709371761	-7.68116067295046
mrg.2430	0.0298840989365384	0.028883044071047	0.514714709371761	-5.06447814640507
mrg.1432	0.000118571653270148	0.0294950726896686	0.516261437872808	-13.0419532311716
mrg.1098	7.76909720017416	0.0304567257976359	0.519336298600979	2.95774696150242
mrg.1354	0.0150516178354466	0.0314031780912539	0.519997829594771	-6.05393762519952
mrg.3	46.5607319671856	0.03147659813998	0.519997829594771	5.54104183348425
mrg.664	21.4613021045142	0.0312609329907568	0.519997829594771	4.4236657051261
mrg.2400	0.109738045096821	0.0309244548285053	0.519997829594771	-3.1878643142972
mrg.2248	9.70286134577005	0.0317296236706879	0.520878232059802	3.27841025664182
mrg.130	152.716329352313	0.0321394719011106	0.521132664016167	7.25471052182476
mrg.2071	28.4480752446194	0.0327690245253618	0.521143088091034	4.83025914007375
mrg.1132	4.24978126210561	0.0328198659624657	0.521143088091034	2.08738858708642
mrg.2519	7479.82272014723	0.0334963571848148	0.52696947642539	12.8687883617542
mrg.2042	0.208728757161587	0.0338730381912824	0.529742248163073	-2.2602987164484
mrg.2364	211.752277318299	0.034310525347274	0.530308295279796	7.72623367507316
mrg.1135	536.994493016503	0.0365873165972218	0.530984941110918	9.06876348294161
mrg.757	0.00942420241689436	0.0353298835929381	0.530984941110918	-6.72941375836367
mrg.102	38.492716206664	0.0354220705405054	0.530984941110918	5.26651357220973
mrg.1725	31.8255621947582	0.0363442860280423	0.530984941110918	4.99211409427483
mrg.848	29.3399031577782	0.0359158857948039	0.530984941110918	4.87479220400284
mrg.88	17.8637146577304	0.036765132131403	0.530984941110918	4.15896020676019
mrg.450	16.248718352446	0.0363711654608646	0.530984941110918	4.02225402229054
mrg.1223	10.0632380099297	0.0356896446767103	0.530984941110918	3.33102268524235
mrg.2513	8.94605027408968	0.0353588757376249	0.530984941110918	3.16125086587393
mrg.1398	6.96403345662674	0.0359763295649573	0.530984941110918	2.79992313400474
mrg.1565	5.09605781902788	0.0361427409972936	0.530984941110918	2.34938164626603
mrg.441	39.2394139289639	0.0372647018543266	0.532439491401845	5.29423158883769
mrg.1168	34.4331410932508	0.0380592116341368	0.532439491401845	5.10572588871865
mrg.2333	0.0476308595650809	0.037416567732165	0.532439491401845	-4.39195960540011
mrg.1935	18.3594199251559	0.0378340536640108	0.532439491401845	4.19844857170436
mrg.166	15.1535882253067	0.0379405008954529	0.532439491401845	3.92158754547726
mrg.1561	4.98696935465748	0.0380745606791331	0.532439491401845	2.31816333754894
mrg.1719	42769.1147332336	0.0477924184109704	0.536645097486949	15.3842817251039
mrg.1406	2.7426204742967e-05	0.044815239356349	0.536645097486949	-15.1540854795684
mrg.2452	0.000811897387320712	0.0452754092039591	0.536645097486949	-10.266414977457
mrg.1213	1039.36888462118	0.0442035605988103	0.536645097486949	10.0214920597536
mrg.2300	0.00121253397411926	0.043072306767202	0.536645097486949	-9.68775911376917
mrg.1647	0.0022041884265528	0.0404138075331841	0.536645097486949	-8.82553672571052
mrg.1824	430.773980650492	0.0491573547307231	0.536645097486949	8.75078730149493
mrg.2460	0.00329357338030964	0.0423459664850815	0.536645097486949	-8.24613059115577
mrg.1965	0.00416907827121707	0.0471262994253534	0.536645097486949	-7.90605582677899
mrg.1403	159.161085354067	0.042160973209765	0.536645097486949	7.31434383200391
mrg.2390	140.470741821932	0.0499199457346908	0.536645097486949	7.13412585741627
mrg.679	134.657391013337	0.0428178629853673	0.536645097486949	7.07314960777361
mrg.923	0.0111958991665563	0.0464211312383249	0.536645097486949	-6.48088579101351
mrg.539	81.6096107387794	0.040210881112354	0.536645097486949	6.35066715576941
mrg.2215	79.6295548372304	0.04874935844783	0.536645097486949	6.31523208725652
mrg.2353	47.1687443008048	0.0491567641058879	0.536645097486949	5.55975928966806
mrg.2023	46.112447455958	0.0490316828114332	0.536645097486949	5.52708433489155
mrg.452	42.361515903303	0.0463850233689014	0.536645097486949	5.40468231186272
mrg.1762	41.5043135891381	0.0429573256887628	0.536645097486949	5.37518938002777
mrg.381	25.157514738373	0.0392820221398862	0.536645097486949	4.65291750312524
mrg.447	25.0429233676666	0.0386110256006504	0.536645097486949	4.64633107895744
mrg.1712	24.7277791665881	0.0481822245213619	0.536645097486949	4.62806077015008
mrg.1388	22.2375639541581	0.0499891406848875	0.536645097486949	4.47492684950691
mrg.1850	20.5315527162652	0.0396406792744184	0.536645097486949	4.35977083150821
TraesCS2A01G385900	0.0733326180916784	0.0487799621312712	0.536645097486949	-3.76940114295796
mrg.1906	12.4722902257813	0.0416960941425986	0.536645097486949	3.64065449942952
mrg.750	12.0472086266862	0.0409184389924584	0.536645097486949	3.59062700342173
mrg.2331	0.0845248029395531	0.0465141147624331	0.536645097486949	-3.56448144213979
mrg.2016	0.0937023847664795	0.0487420685971217	0.536645097486949	-3.41577042420625
mrg.2384	0.101563423051474	0.0486812223445575	0.536645097486949	-3.29954716997477
mrg.1196	9.24861755734457	0.0435281464809012	0.536645097486949	3.20923773403801
mrg.1292	0.140421656460936	0.0396549497166332	0.536645097486949	-2.83216264315228
mrg.1564	5.89937581450731	0.0460742783308818	0.536645097486949	2.56056231770286
mrg.498	5.46741812694774	0.046660930740501	0.536645097486949	2.45085971148171
mrg.755	4.71835861009993	0.0485271104137933	0.536645097486949	2.23828507210675
mrg.1972	4.58510277166056	0.043119808103614	0.536645097486949	2.19695407111659
mrg.547	0.219459977472745	0.0404976908777714	0.536645097486949	-2.1879702328774
mrg.796	4.54153531832339	0.0445741172957221	0.536645097486949	2.18318009964982
